PROGRAM	BYTES	BYTES_CF	BPS	C_TIME (s)	C_MEM (GB)	D_TIME (s)	D_MEM (GB)	DIFF	RUN
JARVIS3_BIN	699930	168612	1.927	4.000	0.003	4.000	0.003	0	1	-cm 1:1:0:0/1:0:1:0
JARVIS3_BIN	699930	168615	1.927	3.000	0.003	3.000	0.003	0	2	-cm 1:1:0:0/1:1:1:0
JARVIS3_BIN	699930	168609	1.927	4.000	0.003	3.000	0.003	0	3	-cm 1:1:1:0/1:0:1:0
JARVIS3_BIN	699930	168616	1.927	3.000	0.003	3.000	0.003	0	4	-cm 1:1:1:0/1:1:1:0
JARVIS3_BIN	699930	168614	1.927	3.000	0.003	4.000	0.003	0	5	-cm 1:1:2:0/1:0:1:0
JARVIS3_BIN	699930	168619	1.927	3.000	0.003	4.000	0.003	0	6	-cm 1:1:2:0/1:1:1:0
JARVIS3_BIN	699930	167654	1.916	3.000	0.003	3.000	0.003	0	7	-cm 2:1:0:0/1:0:1:0
JARVIS3_BIN	699930	167676	1.916	3.000	0.003	3.000	0.003	0	8	-cm 2:1:0:0/1:1:1:0
JARVIS3_BIN	699930	167636	1.916	3.000	0.003	3.000	0.003	0	9	-cm 2:1:1:0/1:0:1:0
JARVIS3_BIN	699930	167660	1.916	3.000	0.003	3.000	0.003	0	10	-cm 2:1:1:0/1:1:1:0
JARVIS3_BIN	699930	167675	1.916	3.000	0.003	3.000	0.003	0	11	-cm 2:1:2:0/1:0:1:0
JARVIS3_BIN	699930	167703	1.916	3.000	0.003	3.000	0.003	0	12	-cm 2:1:2:0/1:1:1:0
JARVIS3_BIN	699930	166921	1.907	3.000	0.003	3.000	0.003	0	13	-cm 3:1:0:0/1:0:1:0
JARVIS3_BIN	699930	166956	1.908	3.000	0.003	3.000	0.003	0	14	-cm 3:1:0:0/1:1:1:0
JARVIS3_BIN	699930	166913	1.907	3.000	0.003	3.000	0.003	0	15	-cm 3:1:1:0/1:0:1:0
JARVIS3_BIN	699930	166937	1.908	3.000	0.003	3.000	0.003	0	16	-cm 3:1:1:0/1:1:1:0
JARVIS3_BIN	699930	167044	1.909	3.000	0.003	3.000	0.003	0	17	-cm 3:1:2:0/1:0:1:0
JARVIS3_BIN	699930	167058	1.909	3.000	0.003	3.000	0.003	0	18	-cm 3:1:2:0/1:1:1:0
JARVIS3_BIN	699930	166476	1.902	3.000	0.003	3.000	0.003	0	19	-cm 4:1:0:0/1:0:1:0
JARVIS3_BIN	699930	166509	1.903	3.000	0.003	3.000	0.003	0	20	-cm 4:1:0:0/1:1:1:0
JARVIS3_BIN	699930	166407	1.901	3.000	0.003	3.000	0.003	0	21	-cm 4:1:1:0/1:0:1:0
JARVIS3_BIN	699930	166438	1.902	3.000	0.003	4.000	0.003	0	22	-cm 4:1:1:0/1:1:1:0
JARVIS3_BIN	699930	166665	1.904	3.000	0.003	3.000	0.003	0	23	-cm 4:1:2:0/1:0:1:0
JARVIS3_BIN	699930	166678	1.905	3.000	0.003	3.000	0.003	0	24	-cm 4:1:2:0/1:1:1:0
JARVIS3_BIN	699930	166538	1.903	3.000	0.003	3.000	0.003	0	25	-cm 5:1:0:0/1:0:1:0
JARVIS3_BIN	699930	166556	1.903	3.000	0.003	3.000	0.003	0	26	-cm 5:1:0:0/1:1:1:0
JARVIS3_BIN	699930	166314	1.900	3.000	0.003	3.000	0.003	0	27	-cm 5:1:1:0/1:0:1:0
JARVIS3_BIN	699930	166333	1.901	3.000	0.003	3.000	0.003	0	28	-cm 5:1:1:0/1:1:1:0
JARVIS3_BIN	699930	166731	1.905	3.000	0.003	3.000	0.003	0	29	-cm 5:1:2:0/1:0:1:0
JARVIS3_BIN	699930	166725	1.905	3.000	0.003	3.000	0.003	0	30	-cm 5:1:2:0/1:1:1:0
JARVIS3_BIN	699930	166797	1.906	3.000	0.003	3.000	0.003	0	31	-cm 6:1:0:0/1:0:1:0
JARVIS3_BIN	699930	166771	1.906	3.000	0.003	3.000	0.003	0	32	-cm 6:1:0:0/1:1:1:0
JARVIS3_BIN	699930	166288	1.900	3.000	0.003	3.000	0.003	0	33	-cm 6:1:1:0/1:0:1:0
JARVIS3_BIN	699930	166284	1.900	3.000	0.003	3.000	0.003	0	34	-cm 6:1:1:0/1:1:1:0
JARVIS3_BIN	699930	166957	1.908	3.000	0.003	3.000	0.003	0	35	-cm 6:1:2:0/1:0:1:0
JARVIS3_BIN	699930	166929	1.907	3.000	0.003	3.000	0.003	0	36	-cm 6:1:2:0/1:1:1:0
JARVIS3_BIN	699930	167809	1.918	3.000	0.003	3.000	0.003	0	37	-cm 7:1:0:0/1:0:1:0
JARVIS3_BIN	699930	167727	1.917	3.000	0.003	3.000	0.003	0	38	-cm 7:1:0:0/1:1:1:0
JARVIS3_BIN	699930	167100	1.909	3.000	0.003	3.000	0.003	0	39	-cm 7:1:1:0/1:0:1:0
JARVIS3_BIN	699930	167061	1.909	3.000	0.003	3.000	0.003	0	40	-cm 7:1:1:0/1:1:1:0
JARVIS3_BIN	699930	167982	1.919	3.000	0.003	4.000	0.003	0	41	-cm 7:1:2:0/1:0:1:0
JARVIS3_BIN	699930	167905	1.919	3.000	0.003	3.000	0.003	0	42	-cm 7:1:2:0/1:1:1:0
JARVIS3_BIN	699930	168959	1.931	3.000	0.003	3.000	0.003	0	43	-cm 8:1:0:0/1:0:1:0
JARVIS3_BIN	699930	168838	1.929	3.000	0.003	3.000	0.003	0	44	-cm 8:1:0:0/1:1:1:0
JARVIS3_BIN	699930	168316	1.923	3.000	0.003	3.000	0.003	0	45	-cm 8:1:1:0/1:0:1:0
JARVIS3_BIN	699930	168213	1.922	3.000	0.003	3.000	0.003	0	46	-cm 8:1:1:0/1:1:1:0
JARVIS3_BIN	699930	169104	1.932	3.000	0.003	3.000	0.003	0	47	-cm 8:1:2:0/1:0:1:0
JARVIS3_BIN	699930	168961	1.931	3.000	0.003	3.000	0.003	0	48	-cm 8:1:2:0/1:1:1:0
JARVIS3_BIN	699930	169569	1.938	3.000	0.005	3.000	0.005	0	49	-cm 9:1:0:0/1:0:1:0
JARVIS3_BIN	699930	169463	1.936	3.000	0.005	3.000	0.005	0	50	-cm 9:1:0:0/1:1:1:0
JARVIS3_BIN	699930	169161	1.933	3.000	0.005	3.000	0.005	0	51	-cm 9:1:1:0/1:0:1:0
JARVIS3_BIN	699930	169022	1.931	3.000	0.005	3.000	0.005	0	52	-cm 9:1:1:0/1:1:1:0
JARVIS3_BIN	699930	169745	1.940	3.000	0.005	3.000	0.005	0	53	-cm 9:1:2:0/1:0:1:0
JARVIS3_BIN	699930	169629	1.938	3.000	0.005	3.000	0.005	0	54	-cm 9:1:2:0/1:1:1:0
JARVIS3_BIN	699930	169961	1.942	3.000	0.011	3.000	0.011	0	55	-cm 10:1:0:0/1:0:1:0
JARVIS3_BIN	699930	169905	1.941	3.000	0.011	3.000	0.010	0	56	-cm 10:1:0:0/1:1:1:0
JARVIS3_BIN	699930	169768	1.940	3.000	0.011	3.000	0.011	0	57	-cm 10:1:1:0/1:0:1:0
JARVIS3_BIN	699930	169669	1.939	3.000	0.011	3.000	0.011	0	58	-cm 10:1:1:0/1:1:1:0
JARVIS3_BIN	699930	170133	1.944	3.000	0.011	3.000	0.011	0	59	-cm 10:1:2:0/1:0:1:0
JARVIS3_BIN	699930	170066	1.943	3.000	0.011	3.000	0.010	0	60	-cm 10:1:2:0/1:1:1:0
JARVIS3_BIN	699930	170085	1.944	3.000	0.034	3.000	0.034	0	61	-cm 11:1:0:0/1:0:1:0
JARVIS3_BIN	699930	170032	1.943	3.000	0.034	3.000	0.034	0	62	-cm 11:1:0:0/1:1:1:0
JARVIS3_BIN	699930	170008	1.943	3.000	0.034	4.000	0.034	0	63	-cm 11:1:1:0/1:0:1:0
JARVIS3_BIN	699930	169944	1.942	3.000	0.034	3.000	0.034	0	64	-cm 11:1:1:0/1:1:1:0
JARVIS3_BIN	699930	170287	1.946	3.000	0.034	3.000	0.034	0	65	-cm 11:1:2:0/1:0:1:0
JARVIS3_BIN	699930	170243	1.945	4.000	0.034	3.000	0.034	0	66	-cm 11:1:2:0/1:1:1:0
JARVIS3_BIN	699930	170096	1.944	3.000	0.126	3.000	0.126	0	67	-cm 12:1:0:0/1:0:1:0
JARVIS3_BIN	699930	169973	1.942	4.000	0.126	4.000	0.126	0	68	-cm 12:1:0:0/1:1:1:0
JARVIS3_BIN	699930	170045	1.943	4.000	0.128	4.000	0.127	0	69	-cm 12:1:1:0/1:0:1:0
JARVIS3_BIN	699930	169941	1.942	4.000	0.127	4.000	0.127	0	70	-cm 12:1:1:0/1:1:1:0
JARVIS3_BIN	699930	170332	1.946	4.000	0.126	4.000	0.126	0	71	-cm 12:1:2:0/1:0:1:0
JARVIS3_BIN	699930	170304	1.946	4.000	0.126	4.000	0.126	0	72	-cm 12:1:2:0/1:1:1:0
JARVIS3_BIN	699930	170134	1.944	4.000	0.431	4.000	0.431	0	73	-cm 13:1:0:0/1:0:1:0
JARVIS3_BIN	699930	169920	1.942	4.000	0.431	4.000	0.431	0	74	-cm 13:1:0:0/1:1:1:0
JARVIS3_BIN	699930	170102	1.944	4.000	0.472	4.000	0.472	0	75	-cm 13:1:1:0/1:0:1:0
JARVIS3_BIN	699930	169926	1.942	4.000	0.472	4.000	0.472	0	76	-cm 13:1:1:0/1:1:1:0
JARVIS3_BIN	699930	170380	1.947	4.000	0.431	4.000	0.431	0	77	-cm 13:1:2:0/1:0:1:0
JARVIS3_BIN	699930	170353	1.947	4.000	0.431	4.000	0.431	0	78	-cm 13:1:2:0/1:1:1:0
JARVIS3_BIN	699930	170173	1.945	6.000	1.078	6.000	1.078	0	79	-cm 14:1:0:0/1:0:1:0
JARVIS3_BIN	699930	169937	1.942	6.000	1.078	7.000	1.078	0	80	-cm 14:1:0:0/1:1:1:0
JARVIS3_BIN	699930	170128	1.944	7.000	1.404	7.000	1.404	0	81	-cm 14:1:1:0/1:0:1:0
JARVIS3_BIN	699930	169894	1.941	7.000	1.404	8.000	1.404	0	82	-cm 14:1:1:0/1:1:1:0
JARVIS3_BIN	699930	170406	1.947	6.000	1.078	7.000	1.077	0	83	-cm 14:1:2:0/1:0:1:0
JARVIS3_BIN	699930	170366	1.947	6.000	1.078	7.000	1.077	0	84	-cm 14:1:2:0/1:1:1:0
